0.059379 0.059058 0.059792
0.030250 0.030078 0.030687
0.020438 0.020351 0.020483
0.015535 0.015454 0.015586
0.012471 0.012412 0.012557
0.010468 0.010427 0.010533
0.009060 0.008981 0.009103
0.008781 0.007834 0.012121
0.007079 0.007050 0.007126
0.006443 0.006423 0.006463
0.005910 0.005882 0.005950
0.007981 0.007955 0.008007
0.007564 0.007528 0.007592
0.007066 0.007040 0.007102
0.006669 0.006612 0.006721
0.006378 0.006367 0.006394
0.006084 0.006017 0.006108
0.005711 0.005690 0.005741
0.005487 0.005480 0.005496
0.005376 0.005356 0.005387
0.005085 0.005068 0.005135
0.005021 0.005006 0.005060
0.004809 0.004787 0.004823
0.004695 0.004661 0.004726
0.004604 0.004587 0.004613
0.004422 0.004406 0.004441
0.004265 0.004251 0.004291
0.004127 0.004117 0.004146
0.004001 0.003987 0.004023
0.003932 0.003904 0.003968
0.003813 0.003797 0.003835
0.003815 0.003800 0.003828
