0.016743 0.016633 0.016815
0.008985 0.008936 0.009036
0.006096 0.006044 0.006162
0.004620 0.004587 0.004675
0.003749 0.003700 0.003833
0.003167 0.003120 0.003200
0.002834 0.002797 0.002890
0.002556 0.002504 0.002641
0.002343 0.002275 0.002393
0.002254 0.002228 0.002273
0.002095 0.002081 0.002113
0.002069 0.002023 0.002122
0.001984 0.001965 0.002000
0.001947 0.001929 0.001979
0.001975 0.001955 0.001991
0.001935 0.001907 0.001970
0.001870 0.001842 0.001942
0.001852 0.001835 0.001865
0.001845 0.001840 0.001847
0.001846 0.001836 0.001855
0.001814 0.001807 0.001823
0.001749 0.001745 0.001754
0.001705 0.001698 0.001712
0.001774 0.001770 0.001784
0.001698 0.001690 0.001703
0.001625 0.001613 0.001650
0.001669 0.001658 0.001694
0.001706 0.001695 0.001715
0.001708 0.001695 0.001719
0.001738 0.001730 0.001744
0.001532 0.001520 0.001544
0.001693 0.001677 0.001729
