0.032400 0.032301 0.032522
0.016435 0.016342 0.016642
0.011014 0.010935 0.011056
0.008388 0.008265 0.008676
0.006835 0.006800 0.006860
0.005823 0.005783 0.005863
0.005094 0.005060 0.005135
0.004417 0.004355 0.004464
0.004327 0.004151 0.004909
0.003874 0.003851 0.003889
0.004172 0.004146 0.004196
0.003913 0.003896 0.003932
0.003700 0.003642 0.003741
0.004007 0.003996 0.004029
0.003944 0.003930 0.003961
0.003686 0.003676 0.003695
0.003983 0.003964 0.004009
0.003991 0.003972 0.004003
0.003699 0.003694 0.003705
0.003811 0.003765 0.003835
0.003908 0.003804 0.003956
0.003556 0.003532 0.003577
0.003910 0.003898 0.003924
0.003866 0.003845 0.003887
0.003957 0.003937 0.003979
0.003426 0.003418 0.003439
0.003678 0.003654 0.003691
0.003609 0.003594 0.003631
0.003699 0.003671 0.003723
0.003841 0.003807 0.003875
0.003917 0.003833 0.004160
0.003114 0.003075 0.003186
