0.025633 0.025595 0.025686
0.014962 0.014902 0.015039
0.010103 0.010064 0.010213
0.007998 0.007919 0.008059
0.006331 0.006256 0.006589
0.005397 0.005369 0.005419
0.004900 0.004882 0.004921
0.004365 0.004284 0.004588
0.004140 0.004110 0.004161
0.003555 0.003422 0.003655
0.003382 0.003348 0.003423
0.003183 0.003152 0.003218
0.003089 0.003072 0.003138
0.002967 0.002937 0.003020
0.002611 0.002579 0.002629
0.002714 0.002673 0.002746
0.002710 0.002684 0.002769
0.002599 0.002572 0.002638
0.002557 0.002536 0.002580
0.002313 0.002280 0.002327
0.002348 0.002243 0.002579
0.002235 0.002191 0.002259
0.002218 0.002200 0.002245
0.002167 0.002145 0.002185
0.002049 0.002017 0.002082
0.002049 0.002003 0.002076
0.001980 0.001968 0.002004
0.001951 0.001939 0.001962
0.001950 0.001894 0.001969
0.001848 0.001831 0.001863
0.001854 0.001821 0.001887
0.001809 0.001796 0.001821
