0.018990 0.018814 0.019060
0.010261 0.010210 0.010323
0.006956 0.006867 0.007002
0.005303 0.005254 0.005337
0.004314 0.004263 0.004335
0.003619 0.003596 0.003659
0.003291 0.003262 0.003368
0.002904 0.002895 0.002923
0.002836 0.002808 0.002852
0.002522 0.002457 0.002601
0.002514 0.002468 0.002536
0.002310 0.002291 0.002324
0.002168 0.002147 0.002202
0.002091 0.002059 0.002119
0.002116 0.002102 0.002149
0.002016 0.002004 0.002026
0.001891 0.001861 0.001938
0.001949 0.001936 0.001970
0.001976 0.001947 0.001991
0.001891 0.001866 0.001952
0.001789 0.001772 0.001820
0.001761 0.001730 0.001786
0.001786 0.001751 0.001833
0.001816 0.001800 0.001831
0.001801 0.001773 0.001810
0.001786 0.001758 0.001808
0.001687 0.001666 0.001702
0.001630 0.001607 0.001651
0.001647 0.001616 0.001682
0.001625 0.001589 0.001642
0.001658 0.001633 0.001700
0.001654 0.001636 0.001673
