0.021668 0.021607 0.021817
0.011502 0.011476 0.011571
0.007868 0.007796 0.008148
0.005928 0.005905 0.005982
0.004788 0.004770 0.004800
0.004041 0.004032 0.004056
0.004677 0.003484 0.008051
0.003086 0.003078 0.003097
0.003481 0.002792 0.006177
0.007000 0.006795 0.007085
0.006249 0.005753 0.006461
0.005900 0.005893 0.005904
0.005397 0.005365 0.005418
0.005020 0.005001 0.005040
0.004768 0.004677 0.004805
0.004453 0.004322 0.004592
0.004383 0.004361 0.004415
0.004121 0.004056 0.004156
0.003896 0.003870 0.003927
0.003882 0.003833 0.003919
0.003672 0.003641 0.003707
0.003569 0.003554 0.003579
0.003336 0.003317 0.003360
0.003351 0.003343 0.003365
0.003209 0.003198 0.003227
0.003132 0.003123 0.003145
0.002994 0.002978 0.003017
0.002929 0.002917 0.002943
0.002848 0.002840 0.002855
0.002890 0.002866 0.002909
0.002711 0.002704 0.002722
0.002696 0.002676 0.002729
