0.011317 0.011281 0.011424
0.008974 0.008964 0.008995
0.007901 0.007868 0.007931
0.007386 0.007382 0.007401
0.007045 0.007032 0.007066
0.006874 0.006847 0.006908
0.006691 0.006679 0.006703
0.006821 0.006576 0.007156
0.006583 0.006570 0.006605
0.006562 0.006462 0.006892
0.006460 0.006454 0.006468
0.006838 0.006826 0.006845
0.006765 0.006753 0.006786
0.006720 0.006699 0.006740
0.006657 0.006633 0.006678
0.006531 0.006514 0.006553
0.006525 0.006507 0.006539
0.006534 0.006518 0.006550
0.006537 0.006503 0.006571
0.006550 0.006515 0.006565
0.006552 0.006518 0.006630
0.006499 0.006467 0.006570
0.006477 0.006471 0.006484
0.006479 0.006462 0.006519
0.006430 0.006423 0.006440
0.006432 0.006424 0.006445
0.006706 0.006425 0.007754
0.006455 0.006433 0.006523
0.006424 0.006411 0.006442
0.006450 0.006434 0.006465
0.006481 0.006437 0.006529
0.006451 0.006432 0.006470
