0.018865 0.018849 0.018876
0.011440 0.011323 0.011604
0.008001 0.007976 0.008029
0.005959 0.005887 0.006192
0.004902 0.004893 0.004917
0.004136 0.004101 0.004168
0.003592 0.003576 0.003599
0.003184 0.003153 0.003252
0.003664 0.003532 0.003814
0.002920 0.002658 0.003299
0.003093 0.003017 0.003217
0.003021 0.002960 0.003090
0.002816 0.002623 0.002996
0.002757 0.002630 0.002804
0.002556 0.002419 0.002639
0.002526 0.002478 0.002570
0.002586 0.002412 0.002832
0.002295 0.002214 0.002343
0.002239 0.002212 0.002267
0.002235 0.002182 0.002300
0.002147 0.002107 0.002226
0.002150 0.002093 0.002183
0.002043 0.002002 0.002086
0.002045 0.002012 0.002073
0.002002 0.001963 0.002055
0.001982 0.001935 0.002043
0.001939 0.001889 0.002004
0.001935 0.001890 0.001963
0.001919 0.001898 0.001941
0.001954 0.001935 0.001981
0.001982 0.001947 0.002035
0.001890 0.001829 0.001925
