0.000017 0.000012 0.000024
0.000017 0.000014 0.000030
0.000015 0.000014 0.000015
0.000014 0.000013 0.000014
0.000014 0.000014 0.000015
0.000015 0.000015 0.000015
0.000016 0.000015 0.000017
0.000025 0.000019 0.000046
0.000026 0.000024 0.000027
0.000038 0.000037 0.000040
0.000062 0.000062 0.000063
0.000111 0.000111 0.000112
0.000210 0.000210 0.000211
0.000415 0.000408 0.000427
0.000872 0.000860 0.000883
0.002055 0.002050 0.002057
0.005084 0.005065 0.005095
0.010737 0.010706 0.010779
0.023417 0.023392 0.023440
0.046866 0.046829 0.046884
0.093758 0.093656 0.094036
0.187762 0.187707 0.187838
0.376221 0.376017 0.376533
0.753341 0.753109 0.753477
1.507684 1.507506 1.507797
3.015362 3.015220 3.015555
6.032523 6.032269 6.032874
12.067393 12.066930 12.067882
