17.739390 17.729213 17.777112
6.326529 6.240452 6.359068
7.014203 7.005311 7.022727
5.924163 5.915280 5.932440
5.653406 5.637163 5.670799
5.244693 4.853305 5.519807
4.836519 4.660057 4.979248
5.421056 5.144973 5.788132
5.731215 5.576853 5.878735
5.436073 5.224070 5.690422
5.515165 5.469146 5.603181
5.410436 5.091985 5.716116
5.514720 5.367066 5.726681
5.825212 5.766607 5.872657
5.712683 5.630349 5.822906
5.867942 5.773083 5.926316
5.827387 5.710337 6.015051
5.924099 5.812795 5.982757
5.873757 5.440085 6.075924
5.888129 5.824080 5.945483
5.836797 5.742436 5.937126
6.056954 5.975094 6.200966
5.585213 5.297016 5.958852
5.853177 5.378349 6.106812
5.833243 5.402995 5.967561
5.727518 5.405203 5.978010
5.866184 5.416742 6.031921
5.959427 5.903180 6.054342
5.972988 5.906916 6.032907
5.784070 5.470305 6.039962
5.761784 5.477384 5.966471
5.773965 5.435434 6.018087
