2.757603 2.715795 2.783098
2.939044 2.929380 2.952037
2.062169 2.056984 2.066496
1.561750 1.559390 1.562766
1.473887 1.468819 1.491054
1.438268 1.408607 1.462164
1.582941 1.548198 1.670363
1.585423 1.528402 1.602428
1.500769 1.487101 1.509031
1.534740 1.494865 1.583267
1.624073 1.578141 1.654794
1.550162 1.538080 1.554915
1.530992 1.523073 1.535584
1.609145 1.525872 1.653092
1.573943 1.518415 1.642507
1.600773 1.549198 1.705738
1.546004 1.534780 1.575755
1.613420 1.597049 1.637143
1.628142 1.584571 1.677172
1.617860 1.551605 1.663715
1.593716 1.567905 1.642910
1.607262 1.601541 1.615814
1.626199 1.594522 1.641206
1.604536 1.583272 1.622611
1.619711 1.573270 1.667987
1.626720 1.561199 1.672125
1.627180 1.612227 1.640359
1.601243 1.584533 1.615464
1.622981 1.604632 1.643333
1.618964 1.588703 1.652398
1.648256 1.592762 1.678223
1.646238 1.630408 1.663653
