95.793002 95.699878 95.980035
48.632212 48.603166 48.707375
33.082958 33.071577 33.095311
26.390939 26.377698 26.425811
22.649030 22.579454 22.778268
20.802703 18.014793 21.991697
21.289094 20.744003 21.541235
23.201129 22.849949 23.537547
23.433763 22.568936 23.905793
22.855476 22.031019 24.259987
22.575380 22.177363 23.502515
22.479910 21.903962 23.569932
23.449918 22.912777 23.950035
22.806851 21.158125 23.997283
23.227393 22.178839 24.233011
23.787770 23.338339 24.276607
24.091136 23.508251 24.648253
24.267411 23.344247 26.214145
24.761975 24.018461 25.197599
24.105941 23.813208 24.516936
24.499633 23.525430 25.130668
25.837954 24.779075 28.272478
25.232380 24.792502 25.643784
25.634451 24.952022 26.247974
25.637066 25.337009 25.891993
26.603561 26.343603 26.933318
26.920751 26.468291 27.239593
27.543146 27.092624 28.656964
28.327417 27.525438 28.715963
29.133096 27.040403 32.615598
30.209269 29.222168 31.424063
31.438751 29.695168 35.102206
