64.947023 64.934615 64.957118
32.894724 32.880886 32.914135
22.043624 22.042411 22.044675
16.769522 16.765597 16.772215
13.574488 13.567052 13.583929
11.462233 11.456584 11.466542
8.655514 6.205423 10.263346
7.951386 5.807485 9.122237
7.725514 5.254823 8.504879
7.755166 7.477107 7.849919
6.786805 5.487563 7.389841
5.771332 5.048532 6.694694
5.784907 5.050659 6.632437
6.307470 5.871954 6.505105
5.467364 5.108096 6.149366
5.038024 4.860000 5.434024
5.764610 5.357529 6.414141
5.568397 5.317382 5.962890
5.687900 5.428258 5.902668
5.205890 5.036813 5.458845
5.095968 4.973284 5.422155
5.297383 5.087325 5.673976
5.137019 5.011219 5.320908
5.174852 4.975749 5.436990
5.070948 4.971778 5.260164
5.207100 4.940391 5.399949
5.203436 5.040814 5.560414
5.206486 5.059440 5.408696
5.080910 5.043933 5.182070
5.065209 4.958389 5.168209
5.076513 5.021791 5.121850
5.086199 5.030060 5.132942
