25.510999 25.496464 25.526037
14.123947 14.097539 14.143347
9.983323 9.963647 9.998366
8.437157 8.424204 8.450975
7.740715 7.706676 7.819500
7.236277 7.141987 7.339807
7.284288 6.683138 7.613525
7.469996 7.398876 7.550284
7.212169 6.771275 7.429894
7.358947 7.222799 7.456317
7.310735 7.141703 7.652949
7.151201 6.916765 7.290950
7.455550 7.314891 7.526908
7.339164 7.205742 7.476419
7.506329 7.314520 7.606616
7.266466 7.162074 7.359921
7.238602 7.173384 7.451066
7.352848 7.270050 7.502002
7.315243 7.122415 7.507346
7.324147 7.210624 7.457286
7.262608 7.046787 7.445705
7.261373 7.009120 7.479119
7.435413 7.396438 7.498204
7.340202 7.243170 7.456275
7.123754 7.033484 7.335904
7.280321 7.184787 7.435652
7.318219 7.044101 7.517002
7.197793 7.068870 7.337120
7.168738 7.122954 7.222049
7.322296 7.154321 7.473878
7.301088 7.111336 7.533554
7.359789 7.160979 7.527973
