16.992885 16.990760 16.995693
9.606385 9.565472 9.621969
8.319129 8.307663 8.326966
7.842255 7.824677 7.856329
7.522300 7.505005 7.540667
7.284916 7.274322 7.303349
7.113890 7.086930 7.128019
6.980424 5.480780 7.357079
7.266561 7.253055 7.288453
7.256558 7.203278 7.289750
7.164055 7.084012 7.362973
6.488180 5.365669 7.219573
6.314922 5.126579 7.093143
5.153523 5.075887 5.225215
7.073632 7.045136 7.114333
6.457582 5.213211 7.150574
6.136090 5.514774 7.033865
6.585606 5.593334 7.293738
5.747298 5.313236 6.920475
7.171665 7.138986 7.222547
6.756402 5.844163 7.147030
7.111119 6.857072 7.328590
6.689027 5.750241 7.320052
6.520936 5.189631 7.251625
7.131338 7.086301 7.248242
6.820708 5.337732 7.266623
7.160708 7.040824 7.283377
6.859784 5.778546 7.323466
7.187043 7.016836 7.290674
6.304122 5.548325 7.328335
6.820505 5.662577 7.262675
6.864229 5.619636 7.300506
