46.594854 46.434886 46.788411
25.340324 25.082504 25.654255
17.092398 16.829558 17.334888
9.848024 9.711393 9.966243
10.235033 8.376261 11.020638
9.582981 9.523077 9.627151
8.506453 7.855573 8.890819
8.230881 8.160260 8.326815
7.511739 7.292033 8.035869
7.677188 7.445026 7.823652
7.753320 7.656742 7.790603
7.544120 7.168494 7.770661
7.540566 7.224152 7.818422
7.552892 7.501124 7.629160
7.429188 7.259973 7.560377
7.272427 7.125847 7.334463
7.332029 7.245172 7.411088
7.266675 7.210117 7.330028
7.237370 7.202155 7.273931
7.290942 7.145443 7.403141
7.311562 7.223099 7.427959
7.300187 7.151539 7.415637
7.363835 7.171098 7.503501
7.281874 7.108817 7.409528
7.180999 7.095027 7.286820
7.188172 7.123520 7.228757
7.251662 7.138784 7.382160
7.316235 7.167009 7.383554
7.342068 7.203200 7.390365
7.223687 7.069254 7.456006
7.357900 7.218555 7.553110
7.431513 7.293885 7.521929
