5.164662 5.143830 5.189590
5.532361 5.512390 5.560801
3.732915 3.708249 3.745767
2.893594 2.872648 2.905222
2.371059 2.365364 2.383325
2.078955 2.072901 2.088299
1.646411 1.493702 1.877594
1.559072 1.495797 1.742455
1.661339 1.646018 1.678936
1.649955 1.625475 1.705196
1.532744 1.484014 1.627567
1.529772 1.495447 1.614180
1.600050 1.580769 1.613550
1.601468 1.543959 1.643337
1.569884 1.491636 1.632091
1.571871 1.534755 1.605718
1.561986 1.539139 1.600424
1.583393 1.513391 1.637033
1.609816 1.574867 1.632115
1.607123 1.564433 1.645725
1.604313 1.555312 1.636331
1.638803 1.612021 1.679923
1.616762 1.515938 1.700064
1.562814 1.502301 1.630001
1.613076 1.572155 1.639300
1.593796 1.574973 1.631122
1.595715 1.569118 1.631981
1.612072 1.594534 1.627540
1.580797 1.536325 1.615586
1.586379 1.527056 1.622420
1.599318 1.559368 1.624737
1.615630 1.606539 1.622157
